11 0.0791015625 0.19140625 0.080078125 0.09375
11 0.2275390625 0.08984375 0.064453125 0.0859375
11 0.3876953125 0.064453125 0.056640625 0.08203125
11 0.5810546875 0.1494140625 0.091796875 0.091796875
11 0.326171875 0.3623046875 0.07421875 0.091796875
11 0.4521484375 0.40234375 0.068359375 0.0859375
11 0.69921875 0.4404296875 0.09375 0.076171875
11 0.7734375 0.3466796875 0.05078125 0.076171875
11 0.9482421875 0.2939453125 0.056640625 0.068359375
11 0.7490234375 0.638671875 0.072265625 0.078125
11 0.93359375 0.693359375 0.07421875 0.08203125
11 0.7705078125 0.7763671875 0.056640625 0.083984375
11 0.5478515625 0.8447265625 0.072265625 0.076171875
11 0.3330078125 0.9287109375 0.068359375 0.080078125
11 0.2373046875 0.9375 0.068359375 0.0703125
11 0.0283203125 0.798828125 0.052734375 0.08984375
0 0.2734375 0.7734375 0.0546875 0.07421875